110664
660360
660732
658080
439836
660192
662820
657234
660630
657072
656652
660048
658380
660246
662556
441882
657834
658890
658230
658914
660126
440028
657804
659736
439686
660006
659166
664404
658242
658608
660030
662022
659262
438792
661002
439992
440928
659838
438102
660996
656964
662784
658350
660228
660930
442020
659478
661728
659736
658950
659244
659880
661326
660588
659604
440256
439626
660966
439440
660192
661032
659004
438138
659682
659724
661164
436560
660852
436554
659958
656934
662028
662016
659610
437322
660798
656952
655284
442668
437334
660078
441510
660792
657264
440910
437166
440364
658116
439134
441684
657426
661020
440286
661608
654978
657768
655092
439302
658182
659352
659460
440850
658176
659172
657678
663054
658914
662748
441360
662976
659106
442650
658920
658902
658326
662292
438840
659304
664938
659718
660606
657570
441942
441420
659706
659700
661302
660174
104340
658728
443124
443472
659916
440688
663048
660678
659202
661368
663246
659460
664512
660444
666750
659346
660726
662694
663138
661956
661446
659028
662124
437610
664776
440682
439110
442554
662160
658560
660924
656220
658248
662088
659634
660738
663210
663150
661152
443682
438804
660636
659976
663240
663564
658074
659172
662466
658524
439656
657792
660462
438996
658584
660840
438798
661404
658728
662382
662808
440208
659028
662610
441240
659250
439422
659766
661638
658764
661350
659736
439224
660936
660696
659286
658920
660036
657666
660888
440226
661716
662400
660342
662082
663102
440394
441726
664206
661434
660180
662880
662964
445086
440100
662268
657474
664344
663768
659388
664464
658170
660432
660870
663282
662856
661242
661638
660720
660414
662820
657666
661416
662706
658458
442962
663246
441486
662448
663936
659910
660240
662736
660666
660258
442548
440382
441468
659400
