663180
663180
663180
663180
663180
663180
663180
663180
663180
663180
663180
663180
663180
663180
663180
663180
663180
663180
663180
663180
663180
663180
663180
663180
663180
663180
663180
664428
663180
663180
663180
663180
663180
663180
663180
663180
663180
663180
663180
663180
663180
663180
663180
663180
663180
663180
663180
663180
663180
663180
663180
663180
663180
663180
663180
663180
663180
663180
663180
663180
663180
663180
663180
663180
663180
663180
663180
663180
663180
663180
663180
663180
663180
663180
663180
663180
663180
663180
663180
663180
663180
663180
663180
663180
663180
663180
663180
663180
663180
663180
663180
663180
663180
663180
663180
663180
663180
663180
663180
663180
663180
663180
663180
663180
663180
663180
663180
663180
663180
663180
663180
663180
663180
663180
663180
663180
663180
663180
664962
663180
663180
663180
663180
663180
663180
663180
663180
663180
663180
663180
663180
663180
663180
663180
663180
663180
663180
663180
663270
663180
664536
663180
666774
663180
663180
663180
663180
663180
663180
663180
663180
663180
664800
663180
663180
663180
663180
663180
663180
663180
663180
663180
663180
663180
663234
663180
663180
663180
663180
663180
663180
663264
663588
663180
663180
663180
663180
663180
663180
663180
663180
663180
663180
663180
663180
663180
663180
663180
663180
663180
663180
663180
663180
663180
663180
663180
663180
663180
663180
663180
663180
663180
663180
663180
663180
663180
663180
663180
663180
663180
663180
663180
663180
663180
663180
664230
663180
663180
663180
663180
663180
663180
663180
663180
664368
663792
663180
664488
663180
663180
663180
663306
663180
663180
663180
663180
663180
663180
663180
663180
663180
663180
663180
663270
663180
663180
663960
663180
663180
663180
663180
663180
663180
663180
663180
663180
