171447924
171418038
171264048
171632520
171335892
171259800
171248184
171270414
171266298
171251622
171398574
171260244
171256752
171286062
171307560
171254850
171279036
171262374
171287520
171543630
171351012
171606606
171259836
171258756
171282738
171249102
171260196
171258954
171252672
171253470
171351966
171416064
171503598
171553668
171252402
171254184
171253830
171252546
171357324
171451698
171525252
171537348
171543588
171545880
171265542
171374634
171317406
171256392
171351360
171280248
