156255510
154913304
155099052
155937738
154357254
153143670
151976940
154445388
153520800
156453366
153756708
152877168
154748796
154177926
154723278
152560962
154001832
154464492
153386706
151841628
154459566
157104144
152063604
151380582
154420428
155472180
152011314
152283318
153559596
153677580
154180620
157120890
156095118
153776820
152579664
151575396
156979470
155823240
156536070
155876370
156779874
155784672
154566084
156819558
154428552
153384762
152514786
155326380
151127928
156683814
